sep=,
Kor MEASUREMENT DATA FILE EXPORT

"FILE CREATED:  ",10/18/2023 9:14:59 AM

,,,MEAN VALUE:,83.8321,8.0009,8.6014,739.3771,33055.3756,31.0911,0.8832,0.0000,48130.3977,0.0202,0.0673,-0.3458,6.4000,11.9000,-3.3487,59.4678,-151.5184,86.1656,87.5069,48974.1282,31284.7786,-6.3198,30.0000,24.1160,0.0000,0.0000,5.5379,5.7716,8.4071,24.1618
,,,STANDARD DEVIATION:,0.5959,0.0536,0.0081,0.1732,61.9597,0.0565,0.6629,0.0000,80.3575,0.2348,0.0583,0.2878,0.0000,0.0000,0.8052,0.0000,0.0000,0.6259,0.6301,81.8754,52.2094,3.2014,0.0000,0.0459,0.0000,0.0000,3.4604,3.4641,5.0463,0.0756

,,,INSTRUMENT NAME:,
,,,SENSOR SERIAL NUMBER:,23G100693,23G100693,23H103732,23H106348,23H103732,23H103732,23H105119,23H105119,23H103732,23H105951,23H105951,23H105951,23J102724,23J102724,23H105951,23H106348,23H106348,23G100693,23G100693,23H103732,23H103732,23H106348,23H103732,23H103732,23H105951,23H105951,23H102976,23H102976,23H102976,23H103732
Date (MM/DD/YYYY),Time (hh:mm:ss tt),Time (Fract. Sec),Site Name,DO ( % Sat ),DO ( mg/L ),Temp ( °C ),Barometer ( mmHg ),Cond ( µS/cm ),Sal ( psu ),Turbidity ( FNU ),TSS ( mg/L ),Sp Cond ( µS/cm ),Chlorophyll ( µg/L ),Chlorophyll ( RFU ),Phycoerythrin ( RFU ),Battery Power ( voltage ),Cable Power ( voltage ),Phycoerythrin ( µg/L ),GPS Latitude ( ° ),GPS Longitude ( ° ),DO ( % LocalB ),DO ( % CB ),nLFCond ( µS/cm ),TDS ( mg/L ),Altitude ( m ),Resistivity ( ohms-cm ),Water Density ( Sigma-T ),Chlorophyll ( cells/mL ),Phycoerythrin ( cells/mL ),Vertical Position ( m ),Depth ( m ),Absolute Pressure ( psi a ),Water Density ( Sigma ),Fault Code
10/17/2023,04:02:25 PM,0,Default,84.6,8.07,8.618,739.5,33177.1,31.20,3.24,0,48286.0,1.60,0.46,0.65,6.40,11.9,-0.55,59.46783,-151.51840,87.0,88.3,49132.7,31386,-5.1,30,24.2,0,0,12.073,12.255,17.852,24.3,0
10/17/2023,04:02:26 PM,0,Default,84.6,8.07,8.618,739.6,33177.6,31.20,3.00,0,48286.7,1.40,0.41,0.66,6.40,11.9,-0.54,59.46782,-151.51840,87.0,88.4,49133.4,31386,-6.9,30,24.2,0,0,12.070,12.249,17.843,24.3,0
10/17/2023,04:02:27 PM,0,Default,84.7,8.07,8.618,739.3,33178.6,31.20,3.26,0,48288.2,1.17,0.35,0.66,6.40,11.9,-0.54,59.46782,-151.51840,87.0,88.4,49135.0,31387,-8.4,30,24.2,0,0,12.051,12.234,17.822,24.3,0
10/17/2023,04:02:28 PM,0,Default,84.7,8.07,8.618,739.5,33179.9,31.20,3.48,0,48290.2,0.80,0.26,0.66,6.40,11.9,-0.53,59.46782,-151.51840,87.0,88.4,49136.9,31389,-8.8,30,24.2,0,0,11.973,12.223,17.805,24.3,0
10/17/2023,04:02:29 PM,0,Default,84.7,8.08,8.618,739.1,33180.9,31.21,3.43,0,48291.6,0.54,0.20,0.67,6.40,11.9,-0.52,59.46783,-151.51842,87.1,88.4,49138.4,31390,-8.6,30,24.2,0,0,11.866,12.206,17.782,24.3,0
10/17/2023,04:02:31 PM,0,Default,84.8,8.08,8.617,739.3,33185.8,31.21,3.06,0,48298.8,0.12,0.09,0.69,6.40,11.9,-0.45,59.46783,-151.51840,87.1,88.5,49145.8,31394,-7.8,30,24.2,0,0,11.582,12.159,17.712,24.3,0
10/17/2023,04:02:32 PM,0,Default,84.8,8.08,8.617,739.1,33187.4,31.21,2.82,0,48301.1,0.06,0.08,0.69,6.40,11.9,-0.45,59.46783,-151.51842,87.2,88.5,49148.1,31396,-9.0,30,24.2,0,0,11.489,12.134,17.676,24.3,0
10/17/2023,04:02:33 PM,0,Default,84.8,8.09,8.617,739.4,33188.2,31.21,2.61,0,48302.2,0.03,0.07,0.65,6.40,11.9,-0.55,59.46783,-151.51842,87.2,88.5,49149.2,31396,-10.3,30,24.2,0,0,11.392,11.316,16.485,24.3,0
10/17/2023,04:02:34 PM,0,Default,84.8,8.09,8.617,739.3,33188.4,31.21,2.46,0,48302.7,0.00,0.06,0.55,6.40,11.9,-0.83,59.46783,-151.51842,87.2,88.6,49149.6,31397,-9.8,30,24.2,0,0,11.255,11.183,16.291,24.3,0
10/17/2023,04:02:35 PM,0,Default,84.8,8.09,8.617,739.4,33188.5,31.21,2.31,0,48302.8,-0.03,0.05,0.42,6.40,11.9,-1.22,59.46783,-151.51842,87.2,88.6,49149.8,31397,-9.7,30,24.2,0,0,11.116,11.056,16.105,24.3,0
10/17/2023,04:02:36 PM,0,Default,84.9,8.09,8.617,739.2,33187.6,31.21,2.20,0,48301.3,-0.05,0.05,0.08,6.40,11.9,-2.15,59.46784,-151.51840,87.3,88.6,49148.3,31396,-8.1,30,24.2,0,0,10.983,11.030,16.068,24.3,0
10/17/2023,04:02:37 PM,0,Default,84.9,8.09,8.618,739.5,33185.8,31.21,2.09,0,48298.8,-0.04,0.05,-0.11,6.40,11.9,-2.70,59.46784,-151.51839,87.2,88.6,49145.7,31394,-7.3,30,24.2,0,0,10.886,10.948,15.948,24.3,0
10/17/2023,04:02:38 PM,0,Default,84.9,8.09,8.617,739.1,33182.8,31.21,1.98,0,48294.5,-0.03,0.05,-0.29,6.40,11.9,-3.20,59.46784,-151.51840,87.3,88.6,49141.3,31391,-7.6,30,24.2,0,0,10.753,10.875,15.843,24.3,0
10/17/2023,04:02:39 PM,0,Default,84.9,8.10,8.617,739.3,33179.1,31.20,1.79,0,48289.3,-0.04,0.05,-0.35,6.40,11.9,-3.37,59.46784,-151.51840,87.3,88.6,49136.0,31388,-7.9,30,24.2,0,0,10.604,10.796,15.727,24.3,0
10/17/2023,04:02:40 PM,0,Default,84.9,8.10,8.617,739.0,33175.1,31.20,1.59,0,48283.6,-0.05,0.05,-0.40,6.40,11.9,-3.50,59.46784,-151.51839,87.3,88.6,49130.3,31384,-6.8,30,24.2,0,0,10.508,10.734,15.637,24.3,0
10/17/2023,04:02:41 PM,0,Default,84.9,8.10,8.617,739.2,33170.6,31.20,1.40,0,48277.2,-0.08,0.04,-0.42,6.40,11.9,-3.55,59.46784,-151.51839,87.3,88.7,49123.7,31380,-6.6,30,24.2,0,0,10.437,10.711,15.604,24.3,0
10/17/2023,04:02:42 PM,0,Default,84.9,8.10,8.617,739.3,33165.6,31.19,1.18,0,48270.3,-0.07,0.04,-0.45,6.40,11.9,-3.64,59.46785,-151.51840,87.3,88.7,49116.7,31376,-6.0,30,24.2,0,0,10.308,10.638,15.497,24.3,0
10/17/2023,04:02:43 PM,0,Default,84.9,8.10,8.616,739.0,33159.8,31.19,0.99,0,48262.6,-0.07,0.04,-0.45,6.40,11.9,-3.63,59.46784,-151.51840,87.3,88.6,49108.8,31371,-6.2,30,24.2,0,0,10.202,10.580,15.411,24.3,0
10/17/2023,04:02:45 PM,0,Default,84.9,8.10,8.615,739.0,33147.9,31.17,0.72,0,48246.4,-0.06,0.05,-0.44,6.40,11.9,-3.62,59.46784,-151.51840,87.3,88.6,49092.4,31360,-6.5,30,24.2,0,0,9.994,10.439,15.206,24.3,0
10/17/2023,04:02:47 PM,0,Default,84.9,8.09,8.614,739.3,33135.3,31.16,0.71,0,48229.7,-0.08,0.04,-0.45,6.40,11.9,-3.65,59.46785,-151.51839,87.2,88.6,49075.4,31349,-5.3,30,24.2,0,0,9.741,10.328,15.045,24.2,0
10/17/2023,04:02:48 PM,0,Default,84.8,8.09,8.613,739.5,33128.8,31.16,0.70,0,48221.1,-0.06,0.05,-0.44,6.40,11.9,-3.62,59.46785,-151.51837,87.2,88.6,49066.6,31344,-3.9,30,24.2,0,0,9.668,10.278,14.972,24.2,0
10/17/2023,04:02:49 PM,0,Default,84.8,8.09,8.613,739.2,33121.9,31.15,0.67,0,48211.7,-0.06,0.05,-0.44,6.40,11.9,-3.61,59.46786,-151.51837,87.2,88.5,49057.0,31338,-3.5,30,24.2,0,0,9.586,10.230,14.901,24.2,0
10/17/2023,04:02:50 PM,0,Default,84.8,8.09,8.612,738.9,33116.9,31.14,0.66,0,48205.4,-0.07,0.04,-0.46,6.40,11.9,-3.66,59.46785,-151.51836,87.2,88.5,49050.6,31333,-4.1,30,24.2,0,0,9.470,9.419,13.721,24.2,0
10/17/2023,04:02:51 PM,0,Default,84.7,8.08,8.612,739.6,33112.1,31.14,0.63,0,48199.4,-0.05,0.05,-0.44,6.40,11.9,-3.61,59.46785,-151.51836,87.1,88.5,49044.5,31330,-4.8,30,24.2,0,0,9.355,9.326,13.585,24.2,0
10/17/2023,04:02:52 PM,0,Default,84.7,8.08,8.611,739.3,33108.3,31.14,0.63,0,48194.7,-0.03,0.05,-0.43,6.40,11.9,-3.57,59.46785,-151.51836,87.1,88.4,49039.7,31327,-5.2,30,24.2,0,0,9.293,9.263,13.493,24.2,0
10/17/2023,04:02:53 PM,0,Default,84.7,8.08,8.610,739.3,33104.5,31.13,0.64,0,48190.0,-0.01,0.06,-0.44,6.40,11.9,-3.62,59.46785,-151.51837,87.0,88.4,49035.0,31324,-5.4,30,24.2,0,0,9.217,9.241,13.461,24.2,0
10/17/2023,04:02:54 PM,0,Default,84.6,8.07,8.610,739.5,33101.0,31.13,0.62,0,48185.8,-0.02,0.06,-0.43,6.40,11.9,-3.58,59.46785,-151.51837,87.0,88.3,49030.7,31321,-4.9,30,24.1,0,0,9.124,9.182,13.375,24.2,0
10/17/2023,04:02:55 PM,0,Default,84.6,8.07,8.609,739.3,33097.3,31.13,0.62,0,48181.3,-0.03,0.06,-0.44,6.40,11.9,-3.62,59.46786,-151.51837,86.9,88.3,49026.0,31318,-3.9,30,24.1,0,0,9.016,9.118,13.281,24.2,0
10/17/2023,04:02:56 PM,0,Default,84.5,8.07,8.608,739.3,33093.5,31.12,0.60,0,48176.6,-0.02,0.06,-0.45,6.40,11.9,-3.63,59.46786,-151.51836,86.9,88.3,49021.2,31315,-2.5,30,24.1,0,0,8.929,9.069,13.210,24.2,0
10/17/2023,04:02:57 PM,0,Default,84.5,8.06,8.608,739.6,33090.1,31.12,0.60,0,48172.5,-0.01,0.06,-0.45,6.40,11.9,-3.63,59.46787,-151.51836,86.9,88.2,49017.1,31312,-1.0,30,24.1,0,0,8.892,9.050,13.182,24.2,0
10/17/2023,04:02:58 PM,0,Default,84.5,8.06,8.607,739.1,33086.6,31.12,0.60,0,48168.3,0.03,0.07,-0.45,6.40,11.9,-3.65,59.46788,-151.51834,86.9,88.2,49012.8,31309,0.2,30,24.1,0,0,8.749,8.991,13.097,24.2,0
10/17/2023,04:02:59 PM,0,Default,84.4,8.06,8.607,739.3,33083.8,31.12,0.61,0,48164.8,0.01,0.06,-0.44,6.40,11.9,-3.61,59.46788,-151.51834,86.8,88.1,49009.2,31307,1.3,30,24.1,0,0,8.643,8.937,13.018,24.2,0
10/17/2023,04:03:00 PM,0,Default,84.4,8.05,8.606,739.2,33081.1,31.11,0.60,0,48161.7,0.00,0.06,-0.45,6.40,11.9,-3.64,59.46789,-151.51834,86.8,88.1,49006.0,31305,2.6,30,24.1,0,0,8.538,8.883,12.940,24.2,0
10/17/2023,04:03:01 PM,0,Default,84.4,8.05,8.606,739.2,33078.7,31.11,0.57,0,48158.7,0.01,0.06,-0.42,6.40,11.9,-3.56,59.46788,-151.51834,86.7,88.1,49003.0,31303,2.3,30,24.1,0,0,8.373,8.796,12.813,24.2,0
10/17/2023,04:03:02 PM,0,Default,84.3,8.05,8.605,739.6,33076.5,31.11,0.56,0,48156.1,0.02,0.07,-0.43,6.40,11.9,-3.59,59.46788,-151.51834,86.7,88.0,49000.4,31301,2.1,30,24.1,0,0,8.253,8.745,12.738,24.2,0
10/17/2023,04:03:03 PM,0,Default,84.3,8.04,8.605,739.4,33074.4,31.11,0.56,0,48153.7,0.04,0.07,-0.45,6.40,11.9,-3.63,59.46787,-151.51834,86.6,88.0,48997.9,31300,0.7,30,24.1,0,0,8.079,8.677,12.639,24.2,0
10/17/2023,04:03:04 PM,0,Default,84.3,8.04,8.604,739.6,33071.8,31.10,0.56,0,48150.5,0.02,0.07,-0.44,6.40,11.9,-3.61,59.46786,-151.51836,86.6,88.0,48994.6,31298,-0.6,30,24.1,0,0,7.962,7.896,11.502,24.2,0
10/17/2023,04:03:05 PM,0,Default,84.2,8.04,8.604,739.5,33069.2,31.10,0.57,0,48147.2,0.05,0.07,-0.44,6.40,11.9,-3.61,59.46786,-151.51836,86.6,87.9,48991.2,31296,-1.3,30,24.1,0,0,7.874,7.844,11.425,24.2,0
10/17/2023,04:03:06 PM,0,Default,84.2,8.04,8.603,739.3,33066.4,31.10,0.58,0,48143.7,0.04,0.07,-0.43,6.40,11.9,-3.59,59.46786,-151.51837,86.6,87.9,48987.7,31293,-2.0,30,24.1,0,0,7.819,7.781,11.333,24.2,0
10/17/2023,04:03:07 PM,0,Default,84.2,8.03,8.603,739.4,33064.6,31.10,0.57,0,48141.5,0.06,0.08,-0.45,6.40,11.9,-3.64,59.46786,-151.51837,86.5,87.9,48985.4,31292,-2.8,30,24.1,0,0,7.673,7.660,11.158,24.2,0
10/17/2023,04:03:08 PM,0,Default,84.1,8.03,8.603,739.4,33062.7,31.10,0.58,0,48139.3,0.06,0.08,-0.45,6.40,11.9,-3.65,59.46785,-151.51839,86.5,87.8,48983.2,31291,-3.3,30,24.1,0,0,7.537,7.584,11.046,24.2,0
10/17/2023,04:03:09 PM,0,Default,84.1,8.03,8.602,739.3,33061.6,31.10,0.59,0,48138.3,0.03,0.07,-0.44,6.40,11.9,-3.61,59.46785,-151.51839,86.4,87.8,48982.1,31290,-3.8,30,24.1,0,0,7.443,7.519,10.953,24.2,0
10/17/2023,04:03:10 PM,0,Default,84.1,8.02,8.602,739.2,33060.4,31.10,0.61,0,48137.0,0.04,0.07,-0.45,6.40,11.9,-3.65,59.46785,-151.51839,86.4,87.8,48980.8,31289,-4.1,30,24.1,0,0,7.408,7.477,10.891,24.2,0
10/17/2023,04:03:11 PM,0,Default,84.0,8.02,8.602,739.3,33059.5,31.09,0.63,0,48136.0,0.05,0.08,-0.45,6.40,11.9,-3.64,59.46785,-151.51839,86.4,87.7,48979.8,31288,-4.1,30,24.1,0,0,7.279,7.439,10.836,24.2,0
10/17/2023,04:03:12 PM,0,Default,84.0,8.02,8.601,739.0,33059.0,31.09,0.63,0,48135.6,0.07,0.08,-0.43,6.40,11.9,-3.59,59.46784,-151.51840,86.4,87.7,48979.4,31288,-5.4,30,24.1,0,0,7.207,7.409,10.792,24.2,0
10/17/2023,04:03:13 PM,0,Default,84.0,8.02,8.601,739.3,33057.8,31.09,0.62,0,48134.0,0.05,0.07,-0.42,6.40,11.9,-3.56,59.46785,-151.51840,86.3,87.7,48977.8,31287,-5.3,30,24.1,0,0,7.079,7.353,10.711,24.2,0
10/17/2023,04:03:14 PM,0,Default,83.9,8.01,8.601,739.3,33056.9,31.09,0.63,0,48133.1,0.03,0.07,-0.42,6.40,11.9,-3.55,59.46784,-151.51840,86.3,87.6,48976.9,31287,-5.2,30,24.1,0,0,7.026,7.294,10.625,24.2,0
10/17/2023,04:03:15 PM,0,Default,83.9,8.01,8.601,739.1,33055.4,31.09,0.62,0,48131.7,0.03,0.07,-0.41,6.40,11.9,-3.52,59.46784,-151.51842,86.3,87.6,48975.5,31286,-6.1,30,24.1,0,0,6.955,7.254,10.566,24.2,0
10/17/2023,04:03:16 PM,0,Default,83.9,8.01,8.600,739.1,33054.6,31.09,0.62,0,48131.0,0.02,0.07,-0.41,6.40,11.9,-3.52,59.46784,-151.51840,86.2,87.6,48974.8,31285,-5.5,30,24.1,0,0,6.852,7.210,10.502,24.2,0
10/17/2023,04:03:17 PM,0,Default,83.9,8.00,8.600,739.1,33053.4,31.09,0.66,0,48129.8,0.02,0.07,-0.41,6.40,11.9,-3.53,59.46784,-151.51842,86.2,87.5,48973.5,31284,-6.2,30,24.1,0,0,6.748,7.164,10.436,24.2,0
10/17/2023,04:03:18 PM,0,Default,83.8,8.00,8.600,739.2,33053.1,31.09,0.67,0,48129.6,0.02,0.07,-0.41,6.40,11.9,-3.52,59.46784,-151.51842,86.2,87.5,48973.3,31284,-6.9,30,24.1,0,0,6.645,7.097,10.338,24.2,0
10/17/2023,04:03:19 PM,0,Default,83.8,8.00,8.599,739.2,33052.9,31.09,0.67,0,48129.6,0.03,0.07,-0.40,6.40,11.9,-3.50,59.46783,-151.51842,86.1,87.5,48973.3,31284,-7.5,30,24.1,0,0,6.542,7.054,10.275,24.2,0
10/17/2023,04:03:20 PM,0,Default,83.8,8.00,8.599,739.5,33051.9,31.09,0.67,0,48128.6,0.06,0.08,-0.42,6.40,11.9,-3.55,59.46784,-151.51842,86.1,87.4,48972.3,31284,-7.6,30,24.1,0,0,6.421,7.001,10.197,24.2,0
10/17/2023,04:03:21 PM,0,Default,83.7,7.99,8.599,739.2,33051.1,31.09,0.66,0,48127.8,0.05,0.07,-0.42,6.40,11.9,-3.55,59.46784,-151.51842,86.1,87.4,48971.5,31283,-7.4,30,24.1,0,0,6.353,6.957,10.133,24.2,0
10/17/2023,04:03:22 PM,0,Default,83.7,7.99,8.599,739.5,33050.2,31.09,0.66,0,48126.7,0.01,0.07,-0.43,6.40,11.9,-3.59,59.46784,-151.51842,86.0,87.4,48970.3,31282,-7.4,30,24.1,0,0,6.289,6.915,10.072,24.2,0
10/17/2023,04:03:23 PM,0,Default,83.7,7.99,8.598,739.2,33049.4,31.09,0.67,0,48125.9,0.00,0.06,-0.43,6.40,11.9,-3.58,59.46784,-151.51842,86.1,87.4,48969.5,31282,-7.4,30,24.1,0,0,6.162,6.107,8.895,24.2,0
10/17/2023,04:03:24 PM,0,Default,83.7,7.99,8.598,739.3,33048.3,31.09,0.66,0,48124.6,-0.02,0.06,-0.43,6.40,11.9,-3.59,59.46783,-151.51842,86.0,87.4,48968.2,31281,-7.4,30,24.1,0,0,6.026,5.970,8.696,24.2,0
10/17/2023,04:03:25 PM,0,Default,83.7,7.99,8.598,739.5,33047.5,31.09,0.67,0,48123.6,-0.01,0.06,-0.43,6.40,11.9,-3.58,59.46783,-151.51842,86.0,87.3,48967.2,31280,-7.4,30,24.1,0,0,5.930,5.900,8.593,24.2,0
10/17/2023,04:03:26 PM,0,Default,83.6,7.98,8.598,739.6,33046.4,31.09,0.66,0,48122.2,-0.02,0.06,-0.43,6.40,11.9,-3.59,59.46784,-151.51842,85.9,87.3,48965.7,31279,-6.6,30,24.1,0,0,5.881,5.898,8.591,24.2,0
10/17/2023,04:03:27 PM,0,Default,83.6,7.98,8.598,739.3,33045.5,31.08,0.67,0,48121.2,-0.04,0.05,-0.45,6.40,11.9,-3.63,59.46784,-151.51842,86.0,87.3,48964.7,31279,-6.3,30,24.1,0,0,5.753,5.845,8.514,24.2,0
10/17/2023,04:03:28 PM,0,Default,83.6,7.98,8.597,739.5,33044.5,31.08,0.66,0,48120.1,-0.05,0.05,-0.45,6.40,11.9,-3.64,59.46784,-151.51842,85.9,87.3,48963.6,31278,-6.1,30,24.1,0,0,5.606,5.753,8.380,24.2,0
10/17/2023,04:03:29 PM,0,Default,83.6,7.98,8.597,739.6,33043.4,31.08,0.66,0,48118.6,-0.09,0.04,-0.47,6.40,11.9,-3.69,59.46784,-151.51842,85.9,87.3,48962.1,31277,-6.0,30,24.1,0,0,5.499,5.682,8.276,24.2,0
10/17/2023,04:03:30 PM,0,Default,83.6,7.98,8.597,739.5,33042.7,31.08,0.67,0,48117.7,-0.10,0.04,-0.47,6.40,11.9,-3.70,59.46784,-151.51842,85.9,87.3,48961.2,31277,-5.8,30,24.1,0,0,5.480,5.658,8.241,24.2,0
10/17/2023,04:03:31 PM,0,Default,83.6,7.98,8.597,739.6,33042.1,31.08,0.67,0,48116.9,-0.13,0.03,-0.47,6.40,11.9,-3.71,59.46784,-151.51842,85.9,87.2,48960.3,31276,-5.8,30,24.1,0,0,5.370,5.601,8.159,24.2,0
10/17/2023,04:03:32 PM,0,Default,83.5,7.98,8.597,739.3,33041.0,31.08,0.65,0,48115.7,-0.16,0.02,-0.51,6.40,11.9,-3.80,59.46784,-151.51842,85.9,87.2,48959.1,31275,-5.8,30,24.1,0,0,5.226,5.547,8.079,24.2,0
10/17/2023,04:03:33 PM,0,Default,83.5,7.97,8.597,739.5,33039.6,31.08,0.64,0,48113.8,-0.14,0.03,-0.50,6.40,11.9,-3.79,59.46784,-151.51842,85.9,87.2,48957.2,31274,-5.9,30,24.1,0,0,5.096,5.486,7.991,24.1,0
10/17/2023,04:03:34 PM,0,Default,83.5,7.97,8.597,739.3,33038.4,31.08,0.64,0,48112.1,-0.13,0.03,-0.48,6.40,11.9,-3.73,59.46784,-151.51842,85.9,87.2,48955.4,31273,-6.1,30,24.1,0,0,5.028,5.429,7.907,24.1,0
10/17/2023,04:03:35 PM,0,Default,83.5,7.97,8.597,739.4,33037.4,31.08,0.65,0,48110.8,-0.09,0.04,-0.47,6.40,11.9,-3.69,59.46783,-151.51842,85.8,87.2,48954.1,31272,-6.2,30,24.1,0,0,4.907,5.369,7.821,24.1,0
10/17/2023,04:03:36 PM,0,Default,83.5,7.97,8.596,739.3,33035.3,31.08,0.64,0,48108.0,-0.12,0.03,-0.46,6.40,11.9,-3.68,59.46783,-151.51842,85.8,87.2,48951.3,31270,-6.3,30,24.1,0,0,4.772,5.314,7.740,24.1,0
10/17/2023,04:03:37 PM,0,Default,83.5,7.97,8.596,739.5,33033.9,31.07,0.63,0,48106.2,-0.14,0.03,-0.47,6.40,11.9,-3.70,59.46783,-151.51842,85.8,87.1,48949.5,31269,-6.6,30,24.1,0,0,4.637,5.257,7.657,24.1,0
10/17/2023,04:03:38 PM,0,Default,83.5,7.97,8.596,739.5,33032.5,31.07,0.64,0,48104.2,-0.14,0.03,-0.47,6.40,11.9,-3.69,59.46783,-151.51842,85.8,87.1,48947.4,31268,-6.8,30,24.1,0,0,4.517,4.486,6.534,24.1,0
10/17/2023,04:03:39 PM,0,Default,83.5,7.97,8.596,739.4,33031.5,31.07,0.64,0,48103.0,-0.12,0.03,-0.47,6.40,11.9,-3.70,59.46783,-151.51842,85.8,87.1,48946.2,31267,-7.3,30,24.1,0,0,4.448,4.405,6.416,24.1,0
10/17/2023,04:03:40 PM,0,Default,83.4,7.97,8.596,738.9,33030.8,31.07,0.64,0,48102.1,-0.11,0.04,-0.46,6.40,11.9,-3.67,59.46782,-151.51842,85.8,87.1,48945.2,31266,-8.3,30,24.1,0,0,4.291,4.295,6.256,24.1,0
10/17/2023,04:03:41 PM,0,Default,83.4,7.97,8.596,739.5,33029.8,31.07,0.64,0,48100.6,-0.06,0.05,-0.44,6.40,11.9,-3.62,59.46782,-151.51842,85.7,87.1,48943.7,31265,-8.3,30,24.1,0,0,4.167,4.238,6.173,24.1,0
10/17/2023,04:03:42 PM,0,Default,83.4,7.96,8.596,739.5,33028.5,31.07,0.67,0,48098.8,-0.05,0.05,-0.44,6.40,11.9,-3.62,59.46782,-151.51842,85.7,87.1,48941.9,31264,-9.3,30,24.1,0,0,4.082,4.160,6.060,24.1,0
10/17/2023,04:03:43 PM,0,Default,83.4,7.96,8.596,739.4,33027.5,31.07,0.67,0,48097.6,-0.02,0.06,-0.44,6.40,11.9,-3.61,59.46782,-151.51842,85.7,87.1,48940.7,31263,-9.7,30,24.1,0,0,4.027,4.112,5.989,24.1,0
10/17/2023,04:03:44 PM,0,Default,83.4,7.96,8.596,739.5,33026.4,31.07,0.67,0,48096.0,-0.04,0.05,-0.43,6.40,11.9,-3.59,59.46782,-151.51842,85.7,87.1,48939.1,31262,-9.8,30,24.1,0,0,3.900,4.069,5.927,24.1,0
10/17/2023,04:03:45 PM,0,Default,83.4,7.96,8.596,739.5,33025.3,31.07,0.68,0,48094.6,-0.02,0.06,-0.42,6.40,11.9,-3.57,59.46782,-151.51842,85.7,87.1,48937.6,31261,-9.9,30,24.1,0,0,3.791,4.008,5.839,24.1,0
10/17/2023,04:03:46 PM,0,Default,83.4,7.96,8.595,739.3,33024.6,31.07,0.69,0,48093.9,-0.02,0.06,-0.41,6.40,11.9,-3.52,59.46781,-151.51842,85.7,87.1,48936.9,31261,-11.0,30,24.1,0,0,3.771,3.967,5.778,24.1,0
10/17/2023,04:03:47 PM,0,Default,83.4,7.96,8.595,739.3,33024.1,31.07,0.69,0,48093.2,0.01,0.06,-0.42,6.40,11.9,-3.55,59.46781,-151.51842,85.7,87.1,48936.2,31261,-11.3,30,24.1,0,0,3.714,3.933,5.729,24.1,0
10/17/2023,04:03:48 PM,0,Default,83.4,7.96,8.595,739.3,33022.9,31.06,0.67,0,48091.6,0.05,0.07,-0.41,6.40,11.9,-3.52,59.46781,-151.51842,85.7,87.1,48934.5,31260,-11.6,30,24.1,0,0,3.626,3.898,5.678,24.1,0
10/17/2023,04:03:49 PM,0,Default,83.4,7.96,8.595,739.4,33022.6,31.06,0.67,0,48091.2,0.06,0.08,-0.40,6.40,11.9,-3.49,59.46780,-151.51842,85.7,87.1,48934.1,31259,-12.0,30,24.1,0,0,3.592,3.877,5.647,24.1,0
10/17/2023,04:03:50 PM,0,Default,83.4,7.96,8.595,739.3,33021.8,31.06,0.66,0,48090.2,0.08,0.08,-0.42,6.40,11.9,-3.55,59.46780,-151.51842,85.7,87.1,48933.2,31259,-12.1,30,24.1,0,0,3.525,3.842,5.595,24.1,0
10/17/2023,04:03:51 PM,0,Default,83.4,7.96,8.595,739.3,33021.3,31.06,0.66,0,48089.6,0.10,0.09,-0.41,6.40,11.9,-3.52,59.46779,-151.51842,85.7,87.0,48932.6,31258,-12.8,30,24.1,0,0,3.473,3.803,5.539,24.1,0
10/17/2023,04:03:52 PM,0,Default,83.4,7.96,8.595,739.4,33021.0,31.06,0.66,0,48089.5,0.10,0.09,-0.41,6.40,11.9,-3.53,59.46779,-151.51842,85.7,87.1,48932.4,31258,-12.9,30,24.1,0,0,3.367,3.770,5.491,24.1,0
10/17/2023,04:03:53 PM,0,Default,83.4,7.96,8.594,739.5,33020.3,31.06,0.66,0,48088.8,0.06,0.08,-0.42,6.40,11.9,-3.57,59.46780,-151.51842,85.7,87.1,48931.7,31258,-12.1,30,24.1,0,0,3.276,3.712,5.407,24.1,0
10/17/2023,04:03:54 PM,0,Default,83.4,7.96,8.594,739.5,33020.2,31.06,0.67,0,48088.6,0.07,0.08,-0.44,6.40,11.9,-3.61,59.46780,-151.51842,85.7,87.0,48931.4,31258,-12.1,30,24.1,0,0,3.271,3.699,5.388,24.1,0
10/17/2023,04:03:55 PM,0,Default,83.4,7.96,8.594,739.4,33020.0,31.06,0.66,0,48088.5,0.04,0.07,-0.46,6.40,11.9,-3.67,59.46780,-151.51842,85.7,87.0,48931.4,31258,-11.4,30,24.1,0,0,3.219,3.668,5.343,24.1,0
10/17/2023,04:03:56 PM,0,Default,83.4,7.96,8.594,739.3,33020.1,31.06,0.66,0,48088.7,0.02,0.07,-0.45,6.40,11.9,-3.65,59.46780,-151.51842,85.7,87.0,48931.6,31258,-11.5,30,24.1,0,0,3.127,3.631,5.288,24.1,0
10/17/2023,04:03:57 PM,0,Default,83.4,7.96,8.594,739.3,33019.9,31.06,0.66,0,48088.4,0.03,0.07,-0.45,6.40,11.9,-3.64,59.46780,-151.51842,85.7,87.0,48931.3,31257,-11.4,30,24.1,0,0,3.099,3.599,5.242,24.1,0
10/17/2023,04:03:58 PM,0,Default,83.4,7.96,8.594,739.5,33019.8,31.06,0.65,0,48088.2,-0.01,0.06,-0.45,6.40,11.9,-3.63,59.46780,-151.51842,85.7,87.0,48931.1,31257,-11.4,30,24.1,0,0,3.043,3.569,5.199,24.1,0
10/17/2023,04:03:59 PM,0,Default,83.4,7.96,8.594,739.3,33019.8,31.06,0.65,0,48088.2,-0.02,0.06,-0.45,6.40,11.9,-3.65,59.46780,-151.51842,85.7,87.0,48931.1,31257,-10.8,30,24.1,0,0,2.936,3.532,5.144,24.1,0
10/17/2023,04:04:00 PM,0,Default,83.4,7.96,8.594,739.3,33019.8,31.06,0.63,0,48088.3,-0.04,0.05,-0.46,6.40,11.9,-3.65,59.46780,-151.51842,85.7,87.0,48931.1,31257,-10.3,30,24.1,0,0,2.829,2.754,4.012,24.1,0
10/17/2023,04:04:01 PM,0,Default,83.4,7.96,8.594,739.6,33019.9,31.06,0.63,0,48088.5,-0.08,0.04,-0.46,6.40,11.9,-3.66,59.46780,-151.51842,85.7,87.0,48931.4,31258,-10.0,30,24.1,0,0,2.738,2.727,3.972,24.1,0
10/17/2023,04:04:02 PM,0,Default,83.4,7.96,8.594,739.6,33019.8,31.06,0.64,0,48088.6,-0.05,0.05,-0.47,6.40,11.9,-3.69,59.46780,-151.51842,85.7,87.0,48931.4,31258,-9.7,30,24.1,0,0,2.740,2.725,3.970,24.1,0
10/17/2023,04:04:03 PM,0,Default,83.4,7.96,8.594,739.3,33020.0,31.06,0.64,0,48088.8,-0.06,0.05,-0.46,6.40,11.9,-3.67,59.46780,-151.51842,85.7,87.0,48931.7,31258,-9.5,30,24.1,0,0,2.728,2.728,3.973,24.1,0
10/17/2023,04:04:04 PM,0,Default,83.4,7.96,8.594,739.2,33019.9,31.06,0.67,0,48088.6,-0.05,0.05,-0.47,6.40,11.9,-3.68,59.46780,-151.51842,85.7,87.0,48931.5,31258,-9.0,30,24.1,0,0,2.723,2.733,3.981,24.1,0
10/17/2023,04:04:05 PM,0,Default,83.4,7.96,8.594,739.4,33019.8,31.06,0.68,0,48088.6,-0.06,0.05,-0.47,6.40,11.9,-3.70,59.46780,-151.51842,85.7,87.0,48931.5,31258,-8.7,30,24.1,0,0,2.721,2.724,3.968,24.1,0
10/17/2023,04:04:06 PM,0,Default,83.4,7.96,8.594,739.5,33019.3,31.06,0.69,0,48087.8,-0.08,0.04,-0.48,6.40,11.9,-3.72,59.46780,-151.51842,85.7,87.0,48930.7,31257,-8.2,30,24.1,0,0,2.718,2.723,3.966,24.1,0
10/17/2023,04:04:07 PM,0,Default,83.4,7.96,8.594,739.4,33019.4,31.06,0.69,0,48088.2,-0.06,0.05,-0.47,6.40,11.9,-3.71,59.46780,-151.51840,85.7,87.0,48931.1,31257,-7.8,30,24.1,0,0,2.676,2.717,3.958,24.1,0
10/17/2023,04:04:08 PM,0,Default,83.4,7.96,8.594,739.4,33019.0,31.06,0.67,0,48087.5,-0.08,0.04,-0.48,6.40,11.9,-3.71,59.46780,-151.51840,85.7,87.0,48930.3,31257,-7.5,30,24.1,0,0,2.589,2.697,3.928,24.1,0
10/17/2023,04:04:09 PM,0,Default,83.4,7.96,8.594,739.2,33018.4,31.06,0.68,0,48086.6,-0.06,0.05,-0.47,6.40,11.9,-3.70,59.46780,-151.51842,85.7,87.0,48929.5,31256,-7.5,30,24.1,0,0,2.490,2.664,3.880,24.1,0
10/17/2023,04:04:10 PM,0,Default,83.4,7.96,8.594,739.5,33018.0,31.06,0.68,0,48086.1,-0.08,0.04,-0.46,6.40,11.9,-3.66,59.46780,-151.51842,85.7,87.0,48929.0,31256,-7.5,30,24.1,0,0,2.454,2.629,3.830,24.1,0
10/17/2023,04:04:11 PM,0,Default,83.4,7.96,8.594,739.5,33017.5,31.06,0.69,0,48085.4,-0.06,0.05,-0.45,6.40,11.9,-3.63,59.46780,-151.51842,85.7,87.0,48928.2,31255,-7.4,30,24.1,0,0,2.406,2.600,3.787,24.1,0
10/17/2023,04:04:12 PM,0,Default,83.4,7.96,8.594,739.6,33016.6,31.06,0.67,0,48084.0,-0.05,0.05,-0.46,6.40,11.9,-3.67,59.46780,-151.51842,85.7,87.0,48926.8,31255,-7.2,30,24.1,0,0,2.311,2.565,3.735,24.1,0
10/17/2023,04:04:13 PM,0,Default,83.4,7.96,8.594,739.6,33015.5,31.06,0.68,0,48082.5,-0.05,0.05,-0.44,6.40,11.9,-3.60,59.46781,-151.51842,85.7,87.0,48925.3,31254,-6.9,30,24.1,0,0,2.219,2.531,3.686,24.1,0
10/17/2023,04:04:14 PM,0,Default,83.4,7.96,8.594,739.6,33014.8,31.06,0.67,0,48081.6,-0.04,0.05,-0.42,6.40,11.9,-3.57,59.46781,-151.51842,85.7,87.0,48924.4,31253,-6.7,30,24.1,0,0,2.112,2.493,3.632,24.1,0
10/17/2023,04:04:15 PM,0,Default,83.4,7.96,8.594,739.6,33013.3,31.06,0.68,0,48079.3,-0.07,0.04,-0.44,6.40,11.9,-3.62,59.46781,-151.51842,85.7,87.0,48922.0,31252,-6.4,30,24.1,0,0,2.044,2.454,3.575,24.1,0
10/17/2023,04:04:16 PM,0,Default,83.4,7.96,8.594,739.4,33011.0,31.05,0.69,0,48075.7,-0.05,0.05,-0.44,6.40,11.9,-3.62,59.46781,-151.51842,85.7,87.0,48918.3,31249,-6.0,30,24.1,0,0,1.956,2.411,3.512,24.1,0
10/17/2023,04:04:17 PM,0,Default,83.4,7.96,8.594,739.6,33008.8,31.05,0.68,0,48072.3,0.00,0.06,-0.43,6.40,11.9,-3.58,59.46781,-151.51842,85.7,87.0,48914.9,31247,-5.7,30,24.1,0,0,1.878,2.373,3.456,24.1,0
10/17/2023,04:04:18 PM,0,Default,83.4,7.96,8.594,739.6,33006.8,31.05,0.66,0,48069.2,-0.03,0.05,-0.43,6.40,11.9,-3.57,59.46781,-151.51840,85.7,87.0,48911.7,31245,-5.4,30,24.1,0,0,1.792,2.335,3.401,24.1,0
10/17/2023,04:04:19 PM,0,Default,83.3,7.96,8.594,739.5,33003.9,31.05,0.66,0,48064.8,-0.02,0.06,-0.43,6.40,11.9,-3.59,59.46781,-151.51840,85.7,87.0,48907.2,31242,-5.4,30,24.1,0,0,1.675,2.295,3.343,24.1,0
10/17/2023,04:04:20 PM,0,Default,83.3,7.96,8.595,739.4,33000.5,31.04,0.67,0,48059.4,-0.03,0.06,-0.42,6.40,11.9,-3.57,59.46781,-151.51842,85.7,87.0,48901.8,31239,-5.3,30,24.1,0,0,1.621,2.232,3.252,24.1,0
10/17/2023,04:04:21 PM,0,Default,83.3,7.96,8.595,739.6,32997.7,31.04,0.66,0,48055.1,-0.02,0.06,-0.42,6.40,11.9,-3.55,59.46781,-151.51840,85.6,87.0,48897.4,31236,-4.9,30,24.1,0,0,1.621,2.212,3.221,24.1,0
10/17/2023,04:04:22 PM,0,Default,83.3,7.96,8.595,739.4,32994.6,31.04,0.66,0,48050.2,-0.06,0.05,-0.43,6.40,11.9,-3.58,59.46781,-151.51840,85.6,87.0,48892.5,31233,-4.5,30,24.1,0,0,1.515,1.477,2.152,24.1,0
10/17/2023,04:04:23 PM,0,Default,83.3,7.96,8.596,739.4,32991.9,31.03,0.64,0,48046.0,-0.05,0.05,-0.40,6.40,11.9,-3.51,59.46781,-151.51840,85.6,87.0,48888.2,31230,-4.6,30,24.1,0,0,1.418,1.356,1.975,24.1,0
10/17/2023,04:04:24 PM,0,Default,83.3,7.95,8.596,739.6,32990.8,31.03,0.64,0,48044.1,-0.06,0.05,-0.40,6.40,11.9,-3.49,59.46782,-151.51842,85.6,87.0,48886.2,31229,-4.4,30,24.1,0,0,1.327,1.245,1.814,24.1,0
10/17/2023,04:04:25 PM,0,Default,83.3,7.95,8.596,739.6,32986.7,31.03,0.63,0,48037.6,-0.04,0.05,-0.37,6.40,11.9,-3.42,59.46782,-151.51842,85.6,86.9,48879.6,31224,-4.3,30,24.1,0,0,1.156,1.123,1.636,24.1,0
10/17/2023,04:04:26 PM,0,Default,83.3,7.95,8.596,739.6,32985.3,31.02,0.63,0,48035.2,-0.03,0.05,-0.36,6.40,11.9,-3.40,59.46782,-151.51842,85.6,86.9,48877.2,31223,-4.0,30,24.1,0,0,1.111,1.118,1.628,24.1,0
10/17/2023,04:04:27 PM,0,Default,83.2,7.95,8.597,739.6,32982.7,31.02,0.62,0,48030.9,0.01,0.06,-0.37,6.40,11.9,-3.43,59.46782,-151.51840,85.5,86.9,48872.8,31220,-3.9,30,24.1,0,0,1.008,1.067,1.555,24.1,0
10/17/2023,04:04:28 PM,0,Default,83.2,7.95,8.597,739.6,32980.8,31.02,0.61,0,48027.8,-0.02,0.06,-0.39,6.40,11.9,-3.46,59.46782,-151.51840,85.5,86.9,48869.7,31218,-3.3,30,24.1,0,0,0.866,0.989,1.440,24.1,0
10/17/2023,04:04:29 PM,0,Default,83.2,7.95,8.597,739.3,32978.6,31.02,0.62,0,48024.0,0.00,0.06,-0.39,6.40,11.9,-3.48,59.46782,-151.51840,85.5,86.9,48865.8,31216,-3.1,30,24.1,0,0,0.734,0.923,1.344,24.1,0
10/17/2023,04:04:30 PM,0,Default,83.2,7.94,8.598,739.6,32976.8,31.01,0.62,0,48020.9,0.00,0.06,-0.40,6.40,11.9,-3.51,59.46782,-151.51840,85.5,86.8,48862.7,31214,-3.1,30,24.1,0,0,0.602,0.853,1.242,24.1,0
10/17/2023,04:04:31 PM,0,Default,83.2,7.94,8.598,739.4,32974.1,31.01,0.62,0,48016.6,-0.02,0.06,-0.39,6.40,11.9,-3.47,59.46782,-151.51840,85.5,86.8,48858.2,31211,-3.2,30,24.1,0,0,0.512,0.788,1.148,24.1,0
10/17/2023,04:04:32 PM,0,Default,83.1,7.94,8.598,739.3,32972.0,31.01,0.61,0,48013.1,-0.04,0.05,-0.39,6.40,11.9,-3.47,59.46782,-151.51840,85.5,86.8,48854.7,31209,-3.4,30,24.1,0,0,0.469,0.737,1.073,24.1,0
10/17/2023,04:04:33 PM,0,Default,83.1,7.94,8.599,739.3,32968.8,31.01,0.61,0,48007.9,-0.04,0.05,-0.39,6.40,11.9,-3.48,59.46782,-151.51840,85.4,86.8,48849.4,31205,-3.3,30,24.1,0,0,0.462,0.692,1.007,24.1,0
10/17/2023,04:04:34 PM,0,Default,83.1,7.93,8.599,739.5,32964.1,31.00,0.62,0,48000.4,-0.03,0.06,-0.40,6.40,11.9,-3.51,59.46782,-151.51840,85.4,86.7,48841.8,31200,-3.2,30,24.0,0,0,0.463,0.664,0.967,24.1,0
10/17/2023,04:04:35 PM,0,Default,83.1,7.93,8.600,739.5,32960.9,31.00,0.61,0,47995.1,-0.06,0.05,-0.41,6.40,11.9,-3.52,59.46782,-151.51840,85.4,86.7,48836.4,31197,-3.0,30,24.0,0,0,0.439,0.640,0.932,24.1,0
10/17/2023,04:04:36 PM,0,Default,83.0,7.93,8.600,739.6,32958.8,30.99,0.62,0,47991.8,-0.05,0.05,-0.40,6.40,11.9,-3.50,59.46782,-151.51840,85.3,86.7,48833.1,31195,-3.1,30,24.0,0,0,0.393,0.618,0.900,24.0,0
10/17/2023,04:04:37 PM,0,Default,83.0,7.93,8.600,739.1,32957.2,30.99,0.62,0,47989.3,-0.05,0.05,-0.41,6.40,11.9,-3.53,59.46783,-151.51840,85.3,86.6,48830.5,31193,-2.8,30,24.0,0,0,0.365,0.592,0.862,24.0,0
10/17/2023,04:04:38 PM,0,Default,83.0,7.92,8.600,739.7,32954.3,30.99,0.62,0,47984.6,-0.08,0.04,-0.41,6.40,11.9,-3.53,59.46783,-151.51840,85.2,86.6,48825.8,31190,-3.0,30,24.0,0,0,0.366,0.574,0.836,24.0,0
